% Base de datos de coeficientes de absorción por material y frecuencia
% Frecuencias en bandas de tercio de octava: 50, 63, 80, 100, 125, 160, 200, 250, 315, 400, 500, 630, 800, 1000, 1250, 1600, 2000, 2500, 3150, 4000, 5000 Hz
% Valores aproximados basados en literatura acústica típica

materials_db.concrete = [0.01, 0.01, 0.01, 0.02, 0.02, 0.02, 0.02, 0.02, 0.03, 0.03, 0.03, 0.03, 0.03, 0.03, 0.03, 0.03, 0.03, 0.03, 0.03, 0.03, 0.03];
materials_db.wood = [0.02, 0.02, 0.02, 0.03, 0.03, 0.04, 0.04, 0.04, 0.05, 0.05, 0.05, 0.05, 0.05, 0.05, 0.05, 0.05, 0.05, 0.05, 0.05, 0.05, 0.05];
materials_db.carpet = [0.05, 0.06, 0.07, 0.08, 0.09, 0.10, 0.12, 0.15, 0.18, 0.20, 0.22, 0.25, 0.28, 0.30, 0.32, 0.35, 0.38, 0.40, 0.42, 0.45, 0.48];
materials_db.plaster = [0.01, 0.01, 0.02, 0.02, 0.03, 0.03, 0.04, 0.04, 0.05, 0.05, 0.05, 0.05, 0.05, 0.05, 0.05, 0.05, 0.05, 0.05, 0.05, 0.05, 0.05];
materials_db.glass = [0.02, 0.02, 0.02, 0.02, 0.03, 0.03, 0.03, 0.03, 0.04, 0.04, 0.04, 0.04, 0.04, 0.04, 0.04, 0.04, 0.04, 0.04, 0.04, 0.04, 0.04];
materials_db.foam = [0.10, 0.15, 0.20, 0.25, 0.30, 0.35, 0.40, 0.50, 0.60, 0.70, 0.75, 0.80, 0.85, 0.90, 0.92, 0.94, 0.95, 0.96, 0.97, 0.98, 0.98];